0102 0304 1A1B 3982 29D9 C1F7 C5C1 2075 07C5 
0102 0304 1A1B 3982 29D9 C1F7 C51C 3207 0DC4 
0102 0304 1A1B 3982 29D9 C1F7 C52B 320B 0DD7 
0102 0304 1A1B 3982 29D9 C1F7 C52D 3292 0560 
0102 0304 1A1B 3982 29D9 C1F7 C52F 339C 0D6D 
0102 0304 1A1B 3982 29D9 C117 C549 3345 0D50 
0102 0304 1A1B 3982 29D9 C117 C54E 331E 092E 
0102 0304 1A1B 3982 29D9 C117 C551 33A2 01B5 
0102 0304 1A1B 3982 29D9 C117 C555 33C3 05DA 
0102 0304 1A1B 3982 29D9 C227 C55F 33E7 0D19 
0102 0304 1A1B 3982 29D9 C227 C561 33C4 09F8 
0102 0304 1A1B 3982 29D9 C227 C561 3391 0DC5 
0102 0304 1A1B 3982 29D9 C227 C562 3316 054B 
0102 0304 1A1B 3982 29D9 C227 C568 3463 099F 
0102 0304 1A1B 3982 29D9 C227 C56B 3457 0196 
0102 0304 1A1B 3982 29D9 C227 C56D 34F7 0938 
0102 0304 1A1B 3982 29D9 C227 C56E 3411 0153 
0102 0304 1A1B 3982 29D9 C227 C570 34D0 0914 
0102 0304 1A1B 3982 29D9 C227 C571 344A 018F 
0102 0304 1A1B 3982 29D9 C227 C574 3482 09CA 
0102 0304 1A1B 3982 29D9 C227 C57D 34A6 0FF7 
0102 0304 1A1B 3982 29D9 C237 C585 34EE 0F57 
0102 0304 1A1B 3982 29D9 C247 C591 345C 0FE1 
0102 0304 1A1B 3982 29D9 C257 C59B 348A 0729 
0102 0304 1A1B 3982 29D9 C267 C5A8 348C 0748  
0102 0304 1A1B 3982 29D9 C267 C53C 3F6E 0DC9
0102 0304 1A1B 3982 29D9 C267 C53D 3FB0 010C




0000 0001 0000 0010 0000 0011 0000 0100 0001 1010 0001 1011 0011 1001 1000 0010 0010 1001 1101 1001 1100 0001 1111 0111 1100 0101 1100 0001 0010 0000 0111 0101 0000 0111 1100 0101
0000 0001 0000 0010 0000 0011 0000 0100 0001 1010 0001 1011 0011 1001 1000 0010 0010 1001 1101 1001 1100 0001 1111 0111 1100 0101 0001 1100 0011 0010 0000 0111 0000 1101 1100 0100
0000 0001 0000 0010 0000 0011 0000 0100 0001 1010 0001 1011 0011 1001 1000 0010 0010 1001 1101 1001 1100 0001 1111 0111 1100 0101 0010 1011 0011 0010 0000 1011 0000 1101 1101 0111
0000 0001 0000 0010 0000 0011 0000 0100 0001 1010 0001 1011 0011 1001 1000 0010 0010 1001 1101 1001 1100 0001 1111 0111 1100 0101 0010 1101 0011 0010 1001 0010 0000 0101 0110 0000
0000 0001 0000 0010 0000 0011 0000 0100 0001 1010 0001 1011 0011 1001 1000 0010 0010 1001 1101 1001 1100 0001 1111 0111 1100 0101 0010 1111 0011 0011 1001 1100 0000 1101 0110 1101
0000 0001 0000 0010 0000 0011 0000 0100 0001 1010 0001 1011 0011 1001 1000 0010 0010 1001 1101 1001 1100 0001 0001 0111 1100 0101 0100 1001 0011 0011 0100 0101 0000 1101 0101 0000
0000 0001 0000 0010 0000 0011 0000 0100 0001 1010 0001 1011 0011 1001 1000 0010 0010 1001 1101 1001 1100 0001 0001 0111 1100 0101 0100 1110 0011 0011 0001 1110 0000 1001 0010 1110
0000 0001 0000 0010 0000 0011 0000 0100 0001 1010 0001 1011 0011 1001 1000 0010 0010 1001 1101 1001 1100 0001 0001 0111 1100 0101 0101 0001 0011 0011 1010 0010 0000 0001 1011 0101
0000 0001 0000 0010 0000 0011 0000 0100 0001 1010 0001 1011 0011 1001 1000 0010 0010 1001 1101 1001 1100 0001 0001 0111 1100 0101 0101 0101 0011 0011 1100 0011 0000 0101 1101 1010
0000 0001 0000 0010 0000 0011 0000 0100 0001 1010 0001 1011 0011 1001 1000 0010 0010 1001 1101 1001 1100 0010 0010 0111 1100 0101 0101 1111 0011 0011 1110 0111 0000 1101 0001 1001
0000 0001 0000 0010 0000 0011 0000 0100 0001 1010 0001 1011 0011 1001 1000 0010 0010 1001 1101 1001 1100 0010 0010 0111 1100 0101 0110 0001 0011 0011 1100 0100 0000 1001 1111 1000
0000 0001 0000 0010 0000 0011 0000 0100 0001 1010 0001 1011 0011 1001 1000 0010 0010 1001 1101 1001 1100 0010 0010 0111 1100 0101 0110 0001 0011 0011 1001 0001 0000 1101 1100 0101
0000 0001 0000 0010 0000 0011 0000 0100 0001 1010 0001 1011 0011 1001 1000 0010 0010 1001 1101 1001 1100 0010 0010 0111 1100 0101 0110 0010 0011 0011 0001 0110 0000 0101 0100 1011
0000 0001 0000 0010 0000 0011 0000 0100 0001 1010 0001 1011 0011 1001 1000 0010 0010 1001 1101 1001 1100 0010 0010 0111 1100 0101 0110 1000 0011 0100 0110 0011 0000 1001 1001 1111
0000 0001 0000 0010 0000 0011 0000 0100 0001 1010 0001 1011 0011 1001 1000 0010 0010 1001 1101 1001 1100 0010 0010 0111 1100 0101 0110 1011 0011 0100 0101 0111 0000 0001 1001 0110
0000 0001 0000 0010 0000 0011 0000 0100 0001 1010 0001 1011 0011 1001 1000 0010 0010 1001 1101 1001 1100 0010 0010 0111 1100 0101 0110 1101 0011 0100 1111 0111 0000 1001 0011 1000
0000 0001 0000 0010 0000 0011 0000 0100 0001 1010 0001 1011 0011 1001 1000 0010 0010 1001 1101 1001 1100 0010 0010 0111 1100 0101 0110 1110 0011 0100 0001 0001 0000 0001 0101 0011
0000 0001 0000 0010 0000 0011 0000 0100 0001 1010 0001 1011 0011 1001 1000 0010 0010 1001 1101 1001 1100 0010 0010 0111 1100 0101 0111 0000 0011 0100 1101 0000 0000 1001 0001 0100
0000 0001 0000 0010 0000 0011 0000 0100 0001 1010 0001 1011 0011 1001 1000 0010 0010 1001 1101 1001 1100 0010 0010 0111 1100 0101 0111 0001 0011 0100 0100 1010 0000 0001 1000 1111
0000 0001 0000 0010 0000 0011 0000 0100 0001 1010 0001 1011 0011 1001 1000 0010 0010 1001 1101 1001 1100 0010 0010 0111 1100 0101 0111 0100 0011 0100 1000 0010 0000 1001 1100 1010
0000 0001 0000 0010 0000 0011 0000 0100 0001 1010 0001 1011 0011 1001 1000 0010 0010 1001 1101 1001 1100 0010 0010 0111 1100 0101 0111 1101 0011 0100 1010 0110 0000 1111 1111 0111
0000 0001 0000 0010 0000 0011 0000 0100 0001 1010 0001 1011 0011 1001 1000 0010 0010 1001 1101 1001 1100 0010 0011 0111 1100 0101 1000 0101 0011 0100 1110 1110 0000 1111 0101 0111
0000 0001 0000 0010 0000 0011 0000 0100 0001 1010 0001 1011 0011 1001 1000 0010 0010 1001 1101 1001 1100 0010 0100 0111 1100 0101 1001 0001 0011 0100 0101 1100 0000 1111 1110 0001
0000 0001 0000 0010 0000 0011 0000 0100 0001 1010 0001 1011 0011 1001 1000 0010 0010 1001 1101 1001 1100 0010 0101 0111 1100 0101 1001 1011 0011 0100 1000 1010 0000 0111 0010 1001
0000 0001 0000 0010 0000 0011 0000 0100 0001 1010 0001 1011 0011 1001 1000 0010 0010 1001 1101 1001 1100 0010 0110 0111 1100 0101 1010 1000 0011 0100 1000 1100 0000 0111 0100 1000
0000 0001 0000 0010 0000 0011 0000 0100 0001 1010 0001 1011 0011 1001 1000 0010 0010 1001 1101 1001 1100 0010 0110 0111 1100 0101 0011 1100 0011 1111 0110 1110 0000 1101 1100 1001
