001 002 003 004 026 027 057 130 
041 060 239 027 197 049 246 046 
007 121 255 255 255 255 255 255 
255 255 255 255 255 255 255 255 
090 096 182 044 255 255 255 255 
255 255 255 255 255 255 255 255 
255 255 255 255 255 255 255 255 
255 255 255 255 255 255 255 255 
255 255 255 255 133 222 231 006 
101 000 038 001 229 000 012 001 
043 000 000 000 255 255 255 255 
255 255 255 255 147 098 182 044 
102 000 096 001 255 000 000 000 
246 015 177 002 255 255 255 255 
255 255 255 255 255 255 255 255 
255 255 255 255 255 255 255 255 
255 255 255 255 255 255 255 255 
255 255 255 255 255 255 255 255 
255 255 255 255 255 255 255 255 
255 255 255 255 255 255 255 255 
255 255 255 255 255 255 255 255 
255 255 255 255 255 255 255 255 
255 255 255 255 255 255 255 002 
255 255 255 255 255 255 255 255 
255 255 255 255 255 255 255 255 
255 255 255 255 255 255 255 255 
255 255 255 255 255 255 255 255 
255 255 255 255 255 255 255 255 
255 255 255 255 255 255 255 255 
255 255 255 255 255 255 255 255 
255 255 255 255 255 255 255 255 
255 255 255 255 255 255 255 255 