001 002 003 004 026 027 041 133 
009 092 229 030 069 048 246 037 
015 219 255 255 255 255 255 255 
255 255 255 255 255 255 255 255 
146 101 182 044 255 255 255 255 
255 255 255 255 255 255 255 255 
255 255 255 255 255 255 255 255 
255 255 255 255 255 255 255 255 
255 255 255 255 154 236 001 002 
101 000 026 001 229 000 241 000 
042 000 000 000 255 255 255 255 
255 255 255 255 066 101 182 044 
101 000 238 000 228 000 000 000 
040 000 119 002 255 255 255 255 
255 255 255 255 149 102 182 044 
102 000 077 001 247 000 000 000 
124 015 170 002 255 255 255 255 
255 255 255 255 110 103 182 044 
101 000 036 001 033 001 000 000 
041 000 131 002 255 255 255 255 
255 255 255 255 255 255 255 255 
255 255 255 255 255 255 255 255 
255 255 255 255 255 255 255 004 
255 255 255 255 255 255 255 255 
255 255 255 255 255 255 255 255 
255 255 255 255 255 255 255 255 
255 255 255 255 255 255 255 255 
255 255 255 255 255 255 255 255 
255 255 255 255 255 255 255 255 
255 255 255 255 255 255 255 255 
255 255 255 255 255 255 255 255 
255 255 255 255 255 255 255 255 